[1.0, 0.0, 0.0]
[0.5, 0.0, 0.5]
[0.6666666666666666, 0.0, 0.3333333333333333]
[0.5, 0.0, 0.5]
[0.4, 0.0, 0.6]
[0.3333333333333333, 0.0, 0.6666666666666666]
[0.2857142857142857, 0.0, 0.7142857142857143]
[0.375, 0.0, 0.625]
[0.3333333333333333, 0.1111111111111111, 0.5555555555555556]
[0.3, 0.2, 0.5]
[0.2727272727272727, 0.2727272727272727, 0.45454545454545453]
[0.25, 0.25, 0.5]
[0.23076923076923078, 0.23076923076923078, 0.5384615384615384]
[0.2857142857142857, 0.21428571428571427, 0.5]
[0.26666666666666666, 0.2, 0.5333333333333333]
[0.25, 0.1875, 0.5625]
[0.23529411764705882, 0.23529411764705882, 0.5294117647058824]
[0.2222222222222222, 0.2777777777777778, 0.5]
[0.2631578947368421, 0.2631578947368421, 0.47368421052631576]
[0.25, 0.25, 0.5]
[0.23809523809523808, 0.2857142857142857, 0.47619047619047616]
[0.22727272727272727, 0.3181818181818182, 0.45454545454545453]
[0.21739130434782608, 0.30434782608695654, 0.4782608695652174]
[0.25, 0.2916666666666667, 0.4583333333333333]
[0.24, 0.32, 0.44]
[0.23076923076923078, 0.3076923076923077, 0.46153846153846156]
[0.2222222222222222, 0.2962962962962963, 0.48148148148148145]
[0.21428571428571427, 0.2857142857142857, 0.5]
[0.20689655172413793, 0.3103448275862069, 0.4827586206896552]
[0.23333333333333334, 0.3, 0.4666666666666667]
[0.25806451612903225, 0.2903225806451613, 0.45161290322580644]
[0.25, 0.28125, 0.46875]
[0.24242424242424243, 0.30303030303030304, 0.45454545454545453]
[0.23529411764705882, 0.29411764705882354, 0.47058823529411764]
[0.2571428571428571, 0.2857142857142857, 0.45714285714285713]
[0.25, 0.2777777777777778, 0.4722222222222222]
[0.2702702702702703, 0.2702702702702703, 0.4594594594594595]
[0.2631578947368421, 0.2631578947368421, 0.47368421052631576]
[0.2564102564102564, 0.28205128205128205, 0.46153846153846156]
[0.275, 0.275, 0.45]
[0.2682926829268293, 0.2926829268292683, 0.43902439024390244]
[0.2619047619047619, 0.30952380952380953, 0.42857142857142855]
[0.2558139534883721, 0.32558139534883723, 0.4186046511627907]
[0.2727272727272727, 0.3181818181818182, 0.4090909090909091]
[0.26666666666666666, 0.3111111111111111, 0.4222222222222222]
[0.2608695652173913, 0.30434782608695654, 0.43478260869565216]
[0.2553191489361702, 0.2978723404255319, 0.44680851063829785]
[0.2708333333333333, 0.2916666666666667, 0.4375]
[0.2653061224489796, 0.2857142857142857, 0.4489795918367347]
[0.28, 0.28, 0.44]
[0.27450980392156865, 0.27450980392156865, 0.45098039215686275]
[0.2692307692307692, 0.2692307692307692, 0.46153846153846156]
[0.2830188679245283, 0.2641509433962264, 0.4528301886792453]
[0.2962962962962963, 0.25925925925925924, 0.4444444444444444]
[0.2909090909090909, 0.2727272727272727, 0.43636363636363634]
[0.30357142857142855, 0.26785714285714285, 0.42857142857142855]
[0.3157894736842105, 0.2631578947368421, 0.42105263157894735]
[0.3103448275862069, 0.25862068965517243, 0.43103448275862066]
[0.3220338983050847, 0.2542372881355932, 0.423728813559322]
[0.31666666666666665, 0.25, 0.43333333333333335]
[0.3114754098360656, 0.2459016393442623, 0.4426229508196721]
[0.3064516129032258, 0.24193548387096775, 0.45161290322580644]
[0.31746031746031744, 0.23809523809523808, 0.4444444444444444]
[0.328125, 0.234375, 0.4375]
[0.3230769230769231, 0.23076923076923078, 0.4461538461538462]
[0.3181818181818182, 0.24242424242424243, 0.4393939393939394]
[0.31343283582089554, 0.2537313432835821, 0.43283582089552236]
[0.3088235294117647, 0.25, 0.4411764705882353]
[0.30434782608695654, 0.2463768115942029, 0.4492753623188406]
[0.3, 0.2571428571428571, 0.44285714285714284]
[0.30985915492957744, 0.2535211267605634, 0.43661971830985913]
[0.3055555555555556, 0.25, 0.4444444444444444]
[0.3013698630136986, 0.2602739726027397, 0.4383561643835616]
[0.2972972972972973, 0.25675675675675674, 0.44594594594594594]
[0.29333333333333333, 0.25333333333333335, 0.4533333333333333]
[0.2894736842105263, 0.25, 0.4605263157894737]
[0.2987012987012987, 0.24675324675324675, 0.45454545454545453]
[0.2948717948717949, 0.2564102564102564, 0.44871794871794873]
[0.3037974683544304, 0.25316455696202533, 0.4430379746835443]
[0.3, 0.2625, 0.4375]
[0.30864197530864196, 0.25925925925925924, 0.43209876543209874]
[0.3048780487804878, 0.25609756097560976, 0.43902439024390244]
[0.30120481927710846, 0.26506024096385544, 0.43373493975903615]
[0.2976190476190476, 0.2619047619047619, 0.44047619047619047]
[0.3058823529411765, 0.25882352941176473, 0.43529411764705883]
[0.3023255813953488, 0.2558139534883721, 0.4418604651162791]
[0.2988505747126437, 0.26436781609195403, 0.4367816091954023]
[0.3068181818181818, 0.26136363636363635, 0.4318181818181818]
[0.30337078651685395, 0.25842696629213485, 0.43820224719101125]
[0.3, 0.25555555555555554, 0.4444444444444444]
[0.2967032967032967, 0.25274725274725274, 0.45054945054945056]
[0.30434782608695654, 0.25, 0.44565217391304346]
[0.3010752688172043, 0.25806451612903225, 0.44086021505376344]
[0.2978723404255319, 0.2553191489361702, 0.44680851063829785]
[0.29473684210526313, 0.25263157894736843, 0.45263157894736844]
[0.3020833333333333, 0.25, 0.4479166666666667]
[0.29896907216494845, 0.24742268041237114, 0.4536082474226804]
[0.29591836734693877, 0.25510204081632654, 0.4489795918367347]
[0.30303030303030304, 0.25252525252525254, 0.4444444444444444]
[0.3, 0.25, 0.45]
[0.297029702970297, 0.24752475247524752, 0.45544554455445546]
[0.29411764705882354, 0.2549019607843137, 0.45098039215686275]
[0.2912621359223301, 0.2524271844660194, 0.4563106796116505]
[0.2980769230769231, 0.25, 0.4519230769230769]
[0.29523809523809524, 0.2571428571428571, 0.44761904761904764]
[0.3018867924528302, 0.25471698113207547, 0.44339622641509435]
[0.308411214953271, 0.2523364485981308, 0.4392523364485981]
[0.3148148148148148, 0.25, 0.4351851851851852]
[0.3119266055045872, 0.24770642201834864, 0.44036697247706424]
[0.3090909090909091, 0.2545454545454545, 0.43636363636363634]
[0.3153153153153153, 0.25225225225225223, 0.43243243243243246]
[0.3125, 0.25, 0.4375]
[0.30973451327433627, 0.25663716814159293, 0.4336283185840708]
[0.30701754385964913, 0.2543859649122807, 0.43859649122807015]
[0.30434782608695654, 0.2608695652173913, 0.43478260869565216]
[0.3017241379310345, 0.2672413793103448, 0.43103448275862066]
[0.29914529914529914, 0.27350427350427353, 0.42735042735042733]
[0.2966101694915254, 0.2711864406779661, 0.4322033898305085]
[0.3025210084033613, 0.2689075630252101, 0.42857142857142855]
[0.3, 0.26666666666666666, 0.43333333333333335]
[0.2975206611570248, 0.2727272727272727, 0.4297520661157025]
[0.29508196721311475, 0.27049180327868855, 0.4344262295081967]
[0.3008130081300813, 0.2682926829268293, 0.43089430894308944]
[0.3064516129032258, 0.2661290322580645, 0.4274193548387097]
[0.312, 0.264, 0.424]
[0.30952380952380953, 0.2619047619047619, 0.42857142857142855]
[0.30708661417322836, 0.2677165354330709, 0.4251968503937008]
[0.3046875, 0.265625, 0.4296875]
[0.31007751937984496, 0.26356589147286824, 0.4263565891472868]
[0.3076923076923077, 0.26153846153846155, 0.4307692307692308]
[0.31297709923664124, 0.2595419847328244, 0.42748091603053434]
[0.3106060606060606, 0.25757575757575757, 0.4318181818181818]
[0.3082706766917293, 0.2556390977443609, 0.43609022556390975]
[0.31343283582089554, 0.2537313432835821, 0.43283582089552236]
[0.31851851851851853, 0.2518518518518518, 0.42962962962962964]
[0.3161764705882353, 0.25, 0.4338235294117647]
[0.32116788321167883, 0.24817518248175183, 0.4306569343065693]
[0.3188405797101449, 0.2463768115942029, 0.43478260869565216]
[0.31654676258992803, 0.2446043165467626, 0.43884892086330934]
[0.32142857142857145, 0.24285714285714285, 0.4357142857142857]
[0.3191489361702128, 0.24822695035460993, 0.4326241134751773]
[0.323943661971831, 0.24647887323943662, 0.4295774647887324]
[0.32167832167832167, 0.24475524475524477, 0.43356643356643354]
[0.3263888888888889, 0.24305555555555555, 0.4305555555555556]
[0.32413793103448274, 0.2413793103448276, 0.43448275862068964]
[0.3219178082191781, 0.23972602739726026, 0.4383561643835616]
[0.3197278911564626, 0.23809523809523808, 0.4421768707482993]
[0.32432432432432434, 0.23648648648648649, 0.4391891891891892]
[0.3221476510067114, 0.24161073825503357, 0.436241610738255]
[0.32666666666666666, 0.24, 0.43333333333333335]
[0.32450331125827814, 0.24503311258278146, 0.4304635761589404]
[0.3223684210526316, 0.24342105263157895, 0.4342105263157895]
[0.3202614379084967, 0.24183006535947713, 0.43790849673202614]
[0.3246753246753247, 0.24025974025974026, 0.43506493506493504]
[0.3225806451612903, 0.23870967741935484, 0.43870967741935485]
[0.3269230769230769, 0.23717948717948717, 0.4358974358974359]
[0.33121019108280253, 0.2356687898089172, 0.43312101910828027]
[0.3291139240506329, 0.23417721518987342, 0.43670886075949367]
[0.3270440251572327, 0.2389937106918239, 0.4339622641509434]
[0.33125, 0.2375, 0.43125]
[0.33540372670807456, 0.2360248447204969, 0.42857142857142855]
[0.3333333333333333, 0.24074074074074073, 0.42592592592592593]
[0.3374233128834356, 0.2392638036809816, 0.4233128834355828]
[0.3353658536585366, 0.23780487804878048, 0.4268292682926829]
[0.3333333333333333, 0.24242424242424243, 0.42424242424242425]
[0.3313253012048193, 0.2469879518072289, 0.42168674698795183]
[0.32934131736526945, 0.25149700598802394, 0.41916167664670656]
[0.3273809523809524, 0.25, 0.4226190476190476]
[0.33136094674556216, 0.2485207100591716, 0.42011834319526625]
[0.32941176470588235, 0.24705882352941178, 0.4235294117647059]
[0.32748538011695905, 0.24561403508771928, 0.4269005847953216]
[0.32558139534883723, 0.25, 0.42441860465116277]
[0.32947976878612717, 0.24855491329479767, 0.42196531791907516]
[0.3333333333333333, 0.2471264367816092, 0.41954022988505746]
[0.3314285714285714, 0.25142857142857145, 0.41714285714285715]
[0.32954545454545453, 0.2556818181818182, 0.4147727272727273]
[0.3333333333333333, 0.2542372881355932, 0.4124293785310734]
[0.33146067415730335, 0.25280898876404495, 0.4157303370786517]
[0.329608938547486, 0.2569832402234637, 0.4134078212290503]
[0.3333333333333333, 0.25555555555555554, 0.4111111111111111]
[0.3314917127071823, 0.2596685082872928, 0.4088397790055249]
[0.32967032967032966, 0.26373626373626374, 0.4065934065934066]
[0.3333333333333333, 0.26229508196721313, 0.40437158469945356]
[0.33152173913043476, 0.2608695652173913, 0.4076086956521739]
[0.32972972972972975, 0.2594594594594595, 0.41081081081081083]
[0.3279569892473118, 0.26344086021505375, 0.40860215053763443]
[0.32620320855614976, 0.2620320855614973, 0.4117647058823529]
[0.324468085106383, 0.26595744680851063, 0.4095744680851064]
[0.32275132275132273, 0.26455026455026454, 0.4126984126984127]
[0.32105263157894737, 0.2631578947368421, 0.41578947368421054]
[0.32460732984293195, 0.2617801047120419, 0.41361256544502617]
[0.328125, 0.2604166666666667, 0.4114583333333333]
[0.3316062176165803, 0.25906735751295334, 0.40932642487046633]
[0.32989690721649484, 0.25773195876288657, 0.41237113402061853]
[0.3333333333333333, 0.2564102564102564, 0.41025641025641024]
[0.33163265306122447, 0.25510204081632654, 0.413265306122449]
[0.3350253807106599, 0.25380710659898476, 0.41116751269035534]
[0.3333333333333333, 0.25252525252525254, 0.41414141414141414]
[0.3316582914572864, 0.2562814070351759, 0.4120603015075377]
[0.33, 0.255, 0.415]
[0.3283582089552239, 0.25870646766169153, 0.4129353233830846]
[0.32673267326732675, 0.25742574257425743, 0.4158415841584158]
[0.33004926108374383, 0.2561576354679803, 0.41379310344827586]
[0.3333333333333333, 0.2549019607843137, 0.4117647058823529]
[0.33170731707317075, 0.25365853658536586, 0.4146341463414634]
[0.3300970873786408, 0.25728155339805825, 0.41262135922330095]
[0.3285024154589372, 0.2560386473429952, 0.41545893719806765]
[0.3269230769230769, 0.25961538461538464, 0.41346153846153844]
[0.33014354066985646, 0.2583732057416268, 0.41148325358851673]
[0.3333333333333333, 0.2571428571428571, 0.4095238095238095]
[0.33175355450236965, 0.26066350710900477, 0.4075829383886256]
[0.33490566037735847, 0.25943396226415094, 0.4056603773584906]
[0.3333333333333333, 0.25821596244131456, 0.4084507042253521]
[0.3364485981308411, 0.2570093457943925, 0.40654205607476634]
[0.3395348837209302, 0.2558139534883721, 0.4046511627906977]
[0.33796296296296297, 0.25462962962962965, 0.4074074074074074]
[0.34101382488479265, 0.2534562211981567, 0.4055299539170507]
[0.3394495412844037, 0.25229357798165136, 0.40825688073394495]
[0.3378995433789954, 0.2557077625570776, 0.4063926940639269]
[0.33636363636363636, 0.2590909090909091, 0.40454545454545454]
[0.334841628959276, 0.26244343891402716, 0.40271493212669685]
[0.3333333333333333, 0.26126126126126126, 0.40540540540540543]
[0.33183856502242154, 0.2600896860986547, 0.4080717488789238]
[0.33482142857142855, 0.25892857142857145, 0.40625]
[0.3377777777777778, 0.2577777777777778, 0.40444444444444444]
[0.336283185840708, 0.25663716814159293, 0.40707964601769914]
[0.33480176211453744, 0.2555066079295154, 0.40969162995594716]
[0.3333333333333333, 0.25877192982456143, 0.40789473684210525]
[0.33624454148471616, 0.2576419213973799, 0.40611353711790393]
[0.3391304347826087, 0.2565217391304348, 0.4043478260869565]
[0.341991341991342, 0.2554112554112554, 0.4025974025974026]
[0.3448275862068966, 0.2543103448275862, 0.40086206896551724]
[0.34334763948497854, 0.2532188841201717, 0.4034334763948498]
[0.3418803418803419, 0.25213675213675213, 0.405982905982906]
[0.3446808510638298, 0.251063829787234, 0.40425531914893614]
[0.3432203389830508, 0.25, 0.4067796610169492]
[0.3459915611814346, 0.2489451476793249, 0.4050632911392405]
[0.3445378151260504, 0.25210084033613445, 0.40336134453781514]
[0.3472803347280335, 0.2510460251046025, 0.401673640167364]
[0.35, 0.25, 0.4]
[0.34854771784232363, 0.24896265560165975, 0.4024896265560166]
[0.34710743801652894, 0.24793388429752067, 0.4049586776859504]
[0.345679012345679, 0.24691358024691357, 0.4074074074074074]
[0.3483606557377049, 0.2459016393442623, 0.4057377049180328]
[0.3469387755102041, 0.24489795918367346, 0.40816326530612246]
[0.34552845528455284, 0.24390243902439024, 0.4105691056910569]
[0.3441295546558704, 0.24696356275303644, 0.4089068825910931]
[0.34274193548387094, 0.24596774193548387, 0.4112903225806452]
[0.3453815261044177, 0.24497991967871485, 0.40963855421686746]
[0.344, 0.248, 0.408]
[0.3466135458167331, 0.24701195219123506, 0.4063745019920319]
[0.34523809523809523, 0.24603174603174602, 0.4087301587301587]
[0.34782608695652173, 0.2450592885375494, 0.40711462450592883]
[0.3464566929133858, 0.24803149606299213, 0.40551181102362205]
[0.34901960784313724, 0.24705882352941178, 0.403921568627451]
[0.34765625, 0.24609375, 0.40625]
[0.35019455252918286, 0.245136186770428, 0.4046692607003891]
[0.3488372093023256, 0.24806201550387597, 0.40310077519379844]
[0.3474903474903475, 0.25096525096525096, 0.4015444015444015]
[0.34615384615384615, 0.25384615384615383, 0.4]
[0.3448275862068966, 0.25287356321839083, 0.40229885057471265]
[0.3473282442748092, 0.25190839694656486, 0.40076335877862596]
[0.34600760456273766, 0.2509505703422053, 0.40304182509505704]
[0.3484848484848485, 0.25, 0.4015151515151515]
[0.35094339622641507, 0.2490566037735849, 0.4]
[0.34962406015037595, 0.2518796992481203, 0.39849624060150374]
[0.34831460674157305, 0.250936329588015, 0.40074906367041196]
[0.35074626865671643, 0.25, 0.39925373134328357]
[0.34944237918215615, 0.24907063197026022, 0.40148698884758366]
[0.35185185185185186, 0.24814814814814815, 0.4]
[0.35424354243542433, 0.24723247232472326, 0.3985239852398524]
[0.35294117647058826, 0.24632352941176472, 0.4007352941176471]
[0.3516483516483517, 0.2454212454212454, 0.40293040293040294]
[0.354014598540146, 0.24452554744525548, 0.40145985401459855]
[0.3527272727272727, 0.24727272727272728, 0.4]
[0.35507246376811596, 0.2463768115942029, 0.39855072463768115]
[0.35379061371841153, 0.24548736462093862, 0.4007220216606498]
[0.35251798561151076, 0.2446043165467626, 0.4028776978417266]
[0.35125448028673834, 0.24731182795698925, 0.4014336917562724]
[0.35, 0.24642857142857144, 0.4035714285714286]
[0.3487544483985765, 0.24555160142348753, 0.40569395017793597]
[0.35106382978723405, 0.24468085106382978, 0.40425531914893614]
[0.35335689045936397, 0.24381625441696114, 0.4028268551236749]
[0.352112676056338, 0.24295774647887325, 0.40492957746478875]
[0.3508771929824561, 0.24561403508771928, 0.40350877192982454]
[0.3531468531468531, 0.24475524475524477, 0.4020979020979021]
[0.3519163763066202, 0.24738675958188153, 0.40069686411149824]
[0.3541666666666667, 0.2465277777777778, 0.3993055555555556]
[0.35294117647058826, 0.24567474048442905, 0.4013840830449827]
[0.35172413793103446, 0.2482758620689655, 0.4]
[0.35051546391752575, 0.24742268041237114, 0.4020618556701031]
[0.3493150684931507, 0.25, 0.4006849315068493]
[0.3515358361774744, 0.24914675767918087, 0.3993174061433447]
[0.35034013605442177, 0.24829931972789115, 0.4013605442176871]
[0.34915254237288135, 0.25084745762711863, 0.4]
[0.34797297297297297, 0.25, 0.40202702702702703]
[0.3501683501683502, 0.24915824915824916, 0.4006734006734007]
[0.3523489932885906, 0.2483221476510067, 0.39932885906040266]
[0.3511705685618729, 0.24749163879598662, 0.4013377926421405]
[0.35, 0.24666666666666667, 0.4033333333333333]
[0.3521594684385382, 0.24584717607973422, 0.4019933554817276]
[0.3509933774834437, 0.24834437086092714, 0.40066225165562913]
[0.35313531353135313, 0.24752475247524752, 0.39933993399339934]
[0.3519736842105263, 0.25, 0.3980263157894737]
[0.35081967213114756, 0.24918032786885247, 0.4]
[0.34967320261437906, 0.25163398692810457, 0.39869281045751637]
[0.3485342019543974, 0.250814332247557, 0.4006514657980456]
[0.3474025974025974, 0.25, 0.4025974025974026]
[0.34627831715210355, 0.24919093851132687, 0.4045307443365696]
[0.34516129032258064, 0.25161290322580643, 0.4032258064516129]
[0.3440514469453376, 0.2540192926045016, 0.40192926045016075]
[0.34294871794871795, 0.2532051282051282, 0.40384615384615385]
[0.34185303514376997, 0.25559105431309903, 0.402555910543131]
[0.34076433121019106, 0.25477707006369427, 0.40445859872611467]
[0.34285714285714286, 0.25396825396825395, 0.4031746031746032]
[0.34177215189873417, 0.2563291139240506, 0.40189873417721517]
[0.3438485804416404, 0.2555205047318612, 0.40063091482649843]
[0.34276729559748426, 0.2578616352201258, 0.39937106918238996]
[0.3448275862068966, 0.25705329153605017, 0.3981191222570533]
[0.34375, 0.25625, 0.4]
[0.3426791277258567, 0.2585669781931464, 0.3987538940809969]
[0.3447204968944099, 0.2577639751552795, 0.39751552795031053]
[0.34365325077399383, 0.25696594427244585, 0.3993808049535604]
[0.345679012345679, 0.25617283950617287, 0.39814814814814814]
[0.3446153846153846, 0.2553846153846154, 0.4]
[0.34662576687116564, 0.254601226993865, 0.3987730061349693]
[0.3486238532110092, 0.25382262996941896, 0.39755351681957185]
[0.35060975609756095, 0.2530487804878049, 0.39634146341463417]
[0.3525835866261398, 0.25227963525835867, 0.3951367781155015]
[0.35454545454545455, 0.2515151515151515, 0.3939393939393939]
[0.3564954682779456, 0.25075528700906347, 0.39274924471299094]
[0.35542168674698793, 0.25, 0.39457831325301207]
[0.35735735735735735, 0.24924924924924924, 0.3933933933933934]
[0.3562874251497006, 0.24850299401197604, 0.39520958083832336]
[0.3582089552238806, 0.24776119402985075, 0.3940298507462687]
[0.35714285714285715, 0.24702380952380953, 0.3958333333333333]
[0.3560830860534125, 0.24629080118694363, 0.39762611275964393]
[0.35502958579881655, 0.2485207100591716, 0.39644970414201186]
[0.35398230088495575, 0.25073746312684364, 0.3952802359882006]
[0.35294117647058826, 0.25, 0.39705882352941174]
[0.3519061583577713, 0.25219941348973607, 0.39589442815249265]
[0.3538011695906433, 0.25146198830409355, 0.39473684210526316]
[0.3556851311953353, 0.25072886297376096, 0.3935860058309038]
[0.35755813953488375, 0.25, 0.39244186046511625]
[0.3565217391304348, 0.2492753623188406, 0.39420289855072466]
[0.3583815028901734, 0.24855491329479767, 0.3930635838150289]
[0.36023054755043227, 0.2478386167146974, 0.3919308357348703]
[0.35919540229885055, 0.2471264367816092, 0.3936781609195402]
[0.35816618911174786, 0.2492836676217765, 0.39255014326647564]
[0.36, 0.24857142857142858, 0.3914285714285714]
[0.36182336182336183, 0.24786324786324787, 0.3903133903133903]
[0.36363636363636365, 0.2471590909090909, 0.38920454545454547]
[0.3626062322946176, 0.24645892351274787, 0.3909348441926346]
[0.3615819209039548, 0.2457627118644068, 0.3926553672316384]
[0.36056338028169016, 0.24788732394366197, 0.39154929577464787]
[0.3595505617977528, 0.24719101123595505, 0.39325842696629215]
[0.36134453781512604, 0.24649859943977592, 0.39215686274509803]
[0.36312849162011174, 0.24581005586592178, 0.39106145251396646]
[0.362116991643454, 0.24512534818941503, 0.39275766016713093]
[0.3611111111111111, 0.24444444444444444, 0.39444444444444443]
[0.3601108033240997, 0.24653739612188366, 0.39335180055401664]
[0.36187845303867405, 0.24585635359116023, 0.39226519337016574]
[0.3608815426997245, 0.24517906336088155, 0.3939393939393939]
[0.3598901098901099, 0.2445054945054945, 0.3956043956043956]
[0.3589041095890411, 0.24383561643835616, 0.3972602739726027]
[0.35792349726775957, 0.24316939890710382, 0.3989071038251366]
[0.3569482288828338, 0.2452316076294278, 0.3978201634877384]
[0.358695652173913, 0.24456521739130435, 0.3967391304347826]
[0.3604336043360434, 0.24390243902439024, 0.3956639566395664]
[0.35945945945945945, 0.24324324324324326, 0.3972972972972973]
[0.3611859838274933, 0.24258760107816713, 0.39622641509433965]
[0.3602150537634409, 0.2446236559139785, 0.3951612903225806]
[0.35924932975871315, 0.24664879356568364, 0.3941018766756032]
[0.3582887700534759, 0.24866310160427807, 0.393048128342246]
[0.36, 0.248, 0.392]
[0.3617021276595745, 0.2473404255319149, 0.39095744680851063]
[0.363395225464191, 0.246684350132626, 0.38992042440318303]
[0.36243386243386244, 0.24867724867724866, 0.3888888888888889]
[0.36147757255936674, 0.25065963060686014, 0.38786279683377306]
[0.3605263157894737, 0.25263157894736843, 0.3868421052631579]
[0.35958005249343833, 0.2545931758530184, 0.3858267716535433]
[0.3612565445026178, 0.25392670157068065, 0.38481675392670156]
[0.360313315926893, 0.2558746736292428, 0.3838120104438642]
[0.359375, 0.2578125, 0.3828125]
[0.35844155844155845, 0.2571428571428571, 0.38441558441558443]
[0.3601036269430052, 0.25647668393782386, 0.38341968911917096]
[0.35917312661498707, 0.2558139534883721, 0.3850129198966408]
[0.36082474226804123, 0.2551546391752577, 0.38402061855670105]
[0.36246786632390743, 0.2544987146529563, 0.38303341902313626]
[0.36153846153846153, 0.25384615384615383, 0.38461538461538464]
[0.3631713554987212, 0.2531969309462916, 0.3836317135549872]
[0.3647959183673469, 0.25255102040816324, 0.3826530612244898]
[0.3638676844783715, 0.25190839694656486, 0.3842239185750636]
[0.3629441624365482, 0.2512690355329949, 0.38578680203045684]
[0.3620253164556962, 0.25063291139240507, 0.38734177215189874]
[0.36363636363636365, 0.25, 0.38636363636363635]
[0.36272040302267, 0.2518891687657431, 0.3853904282115869]
[0.36180904522613067, 0.25125628140703515, 0.3869346733668342]
[0.3634085213032581, 0.2506265664160401, 0.38596491228070173]
[0.3625, 0.2525, 0.385]
[0.36159600997506236, 0.2518703241895262, 0.3865336658354115]
[0.36069651741293535, 0.2537313432835821, 0.3855721393034826]
[0.3598014888337469, 0.2555831265508685, 0.38461538461538464]
[0.3589108910891089, 0.25742574257425743, 0.38366336633663367]
[0.36049382716049383, 0.25679012345679014, 0.38271604938271603]
[0.35960591133004927, 0.25862068965517243, 0.3817733990147783]
[0.36117936117936117, 0.257985257985258, 0.3808353808353808]
[0.3602941176470588, 0.25980392156862747, 0.3799019607843137]
[0.36185819070904646, 0.2591687041564792, 0.37897310513447435]
[0.36097560975609755, 0.25853658536585367, 0.3804878048780488]
[0.36009732360097324, 0.26034063260340634, 0.3795620437956204]
[0.3616504854368932, 0.25970873786407767, 0.3786407766990291]
[0.36319612590799033, 0.25907990314769974, 0.37772397094430993]
[0.36231884057971014, 0.2584541062801932, 0.37922705314009664]
[0.363855421686747, 0.25783132530120484, 0.3783132530120482]
[0.3629807692307692, 0.25721153846153844, 0.3798076923076923]
[0.3645083932853717, 0.2565947242206235, 0.37889688249400477]
[0.36363636363636365, 0.2583732057416268, 0.37799043062200954]
[0.3627684964200477, 0.2577565632458234, 0.3794749403341289]
[0.36428571428571427, 0.2571428571428571, 0.37857142857142856]
[0.36342042755344417, 0.2589073634204275, 0.37767220902612825]
[0.36255924170616116, 0.25829383886255924, 0.3791469194312796]
[0.3617021276595745, 0.26004728132387706, 0.37825059101654845]
[0.3632075471698113, 0.25943396226415094, 0.37735849056603776]
[0.36470588235294116, 0.25882352941176473, 0.3764705882352941]
[0.36384976525821594, 0.25821596244131456, 0.3779342723004695]
[0.3629976580796253, 0.25995316159250587, 0.3770491803278688]
[0.3621495327102804, 0.25934579439252337, 0.37850467289719625]
[0.3613053613053613, 0.26107226107226106, 0.3776223776223776]
[0.3627906976744186, 0.26046511627906976, 0.3767441860465116]
[0.3619489559164733, 0.25986078886310904, 0.37819025522041766]
[0.3611111111111111, 0.25925925925925924, 0.37962962962962965]
[0.36027713625866054, 0.26096997690531176, 0.3787528868360277]
[0.3617511520737327, 0.26036866359447003, 0.3778801843317972]
[0.36091954022988504, 0.2597701149425287, 0.3793103448275862]
[0.3623853211009174, 0.2591743119266055, 0.37844036697247707]
[0.36155606407322655, 0.2608695652173913, 0.37757437070938216]
[0.363013698630137, 0.2602739726027397, 0.3767123287671233]
[0.36446469248291574, 0.25968109339407747, 0.37585421412300685]
[0.36363636363636365, 0.26136363636363635, 0.375]
[0.36507936507936506, 0.26077097505668934, 0.3741496598639456]
[0.36425339366515835, 0.26018099547511314, 0.3755656108597285]
[0.3656884875846501, 0.2595936794582393, 0.3747178329571106]
[0.36711711711711714, 0.25900900900900903, 0.3738738738738739]
[0.3685393258426966, 0.25842696629213485, 0.37303370786516854]
[0.36771300448430494, 0.2600896860986547, 0.3721973094170404]
[0.3691275167785235, 0.2595078299776286, 0.3713646532438479]
[0.3705357142857143, 0.25892857142857145, 0.3705357142857143]
[0.36971046770601335, 0.26057906458797325, 0.36971046770601335]
[0.3688888888888889, 0.26, 0.3711111111111111]
[0.36807095343680707, 0.25942350332594233, 0.37250554323725055]
[0.3672566371681416, 0.2588495575221239, 0.37389380530973454]
[0.36644591611479027, 0.26048565121412803, 0.3730684326710817]
[0.36784140969163, 0.2599118942731278, 0.3722466960352423]
[0.367032967032967, 0.25934065934065936, 0.37362637362637363]
[0.3684210526315789, 0.25877192982456143, 0.37280701754385964]
[0.3676148796498906, 0.25820568927789933, 0.3741794310722101]
[0.36899563318777295, 0.2576419213973799, 0.37336244541484714]
[0.3681917211328976, 0.2570806100217865, 0.3747276688453159]
[0.3695652173913043, 0.2565217391304348, 0.3739130434782609]
[0.368763557483731, 0.2559652928416486, 0.3752711496746204]
[0.36796536796536794, 0.25757575757575757, 0.37445887445887444]
[0.367170626349892, 0.2570194384449244, 0.3758099352051836]
[0.36853448275862066, 0.25646551724137934, 0.375]
[0.36774193548387096, 0.25591397849462366, 0.3763440860215054]
[0.36909871244635195, 0.2553648068669528, 0.37553648068669526]
[0.3683083511777302, 0.2569593147751606, 0.3747323340471092]
[0.36752136752136755, 0.2564102564102564, 0.37606837606837606]
[0.36673773987206826, 0.255863539445629, 0.3773987206823028]
[0.3659574468085106, 0.2574468085106383, 0.37659574468085105]
[0.3673036093418259, 0.25690021231422505, 0.37579617834394907]
[0.3686440677966102, 0.2563559322033898, 0.375]
[0.3678646934460888, 0.2558139534883721, 0.3763213530655391]
[0.3691983122362869, 0.2552742616033755, 0.3755274261603376]
[0.3705263157894737, 0.25473684210526315, 0.37473684210526315]
[0.37184873949579833, 0.2542016806722689, 0.3739495798319328]
[0.3710691823899371, 0.25366876310272535, 0.3752620545073375]
[0.3702928870292887, 0.25523012552301255, 0.37447698744769875]
[0.3695198329853862, 0.2546972860125261, 0.3757828810020877]
[0.37083333333333335, 0.25416666666666665, 0.375]
[0.37214137214137216, 0.25363825363825365, 0.37422037422037424]
[0.37136929460580914, 0.25311203319502074, 0.3755186721991701]
[0.37060041407867494, 0.2546583850931677, 0.3747412008281574]
[0.371900826446281, 0.25413223140495866, 0.3739669421487603]
[0.3711340206185567, 0.2536082474226804, 0.3752577319587629]
[0.3724279835390947, 0.25308641975308643, 0.37448559670781895]
[0.37166324435318276, 0.25256673511293637, 0.3757700205338809]
[0.3729508196721312, 0.2520491803278688, 0.375]
[0.3721881390593047, 0.25357873210633947, 0.37423312883435583]
[0.373469387755102, 0.2530612244897959, 0.373469387755102]
[0.37474541751527496, 0.2525458248472505, 0.3727087576374745]
[0.37398373983739835, 0.2540650406504065, 0.3719512195121951]
[0.37322515212981744, 0.2535496957403651, 0.37322515212981744]
[0.37449392712550605, 0.25303643724696356, 0.3724696356275304]
[0.37373737373737376, 0.25252525252525254, 0.37373737373737376]
[0.37298387096774194, 0.25201612903225806, 0.375]
[0.3722334004024145, 0.2515090543259557, 0.3762575452716298]
[0.37349397590361444, 0.25100401606425704, 0.3755020080321285]
[0.3727454909819639, 0.250501002004008, 0.37675350701402804]
[0.372, 0.252, 0.376]
[0.3712574850299401, 0.25149700598802394, 0.3772455089820359]
[0.37250996015936255, 0.250996015936255, 0.37649402390438247]
[0.37375745526838966, 0.2504970178926441, 0.3757455268389662]
[0.373015873015873, 0.25, 0.376984126984127]
[0.3722772277227723, 0.2514851485148515, 0.37623762376237624]
[0.37351778656126483, 0.2509881422924901, 0.37549407114624506]
[0.3727810650887574, 0.252465483234714, 0.3747534516765286]
[0.37401574803149606, 0.25196850393700787, 0.37401574803149606]
[0.37524557956778, 0.25147347740667975, 0.37328094302554027]
[0.3764705882352941, 0.25098039215686274, 0.37254901960784315]
[0.37573385518590996, 0.25048923679060664, 0.37377690802348335]
[0.375, 0.25, 0.375]
[0.3762183235867446, 0.24951267056530213, 0.3742690058479532]
[0.3754863813229572, 0.2509727626459144, 0.3735408560311284]
[0.37475728155339805, 0.2524271844660194, 0.37281553398058254]
[0.375968992248062, 0.25193798449612403, 0.37209302325581395]
[0.37524177949709864, 0.2514506769825919, 0.3733075435203095]
[0.3764478764478765, 0.25096525096525096, 0.37258687258687256]
[0.37572254335260113, 0.2504816955684008, 0.3737957610789981]
[0.375, 0.25, 0.375]
[0.3761996161228407, 0.2495201535508637, 0.3742802303262956]
[0.37547892720306514, 0.24904214559386972, 0.37547892720306514]
[0.37476099426386233, 0.248565965583174, 0.37667304015296366]
[0.37404580152671757, 0.2480916030534351, 0.37786259541984735]
[0.37333333333333335, 0.24761904761904763, 0.379047619047619]
[0.3726235741444867, 0.24714828897338403, 0.38022813688212925]
[0.3719165085388994, 0.24667931688804554, 0.38140417457305503]
[0.3731060606060606, 0.24621212121212122, 0.3806818181818182]
[0.3724007561436673, 0.24763705103969755, 0.3799621928166352]
[0.37169811320754714, 0.24716981132075472, 0.38113207547169814]
[0.3728813559322034, 0.24670433145009416, 0.3804143126177024]
[0.37218045112781956, 0.24812030075187969, 0.37969924812030076]
[0.3714821763602251, 0.24765478424015008, 0.3808630393996248]
[0.3707865168539326, 0.24719101123595505, 0.38202247191011235]
[0.3719626168224299, 0.2467289719626168, 0.3813084112149533]
[0.3712686567164179, 0.24813432835820895, 0.3805970149253731]
[0.37243947858473, 0.24767225325884543, 0.37988826815642457]
[0.3736059479553903, 0.24721189591078066, 0.379182156133829]
[0.37291280148423006, 0.24860853432282004, 0.3784786641929499]
[0.37222222222222223, 0.24814814814814815, 0.37962962962962965]
[0.37153419593345655, 0.24953789279112754, 0.3789279112754159]
[0.37084870848708484, 0.24907749077490776, 0.3800738007380074]
[0.3701657458563536, 0.24861878453038674, 0.3812154696132597]
[0.3713235294117647, 0.24816176470588236, 0.3805147058823529]
[0.3706422018348624, 0.24770642201834864, 0.381651376146789]
[0.36996336996337, 0.24725274725274726, 0.38278388278388276]
[0.3692870201096892, 0.24680073126142596, 0.38391224862888484]
[0.3704379562043796, 0.24635036496350365, 0.38321167883211676]
[0.3697632058287796, 0.2459016393442623, 0.3843351548269581]
[0.3690909090909091, 0.24545454545454545, 0.38545454545454544]
[0.3684210526315789, 0.24682395644283123, 0.38475499092558985]
[0.3695652173913043, 0.2463768115942029, 0.38405797101449274]
[0.3688969258589512, 0.24593128390596744, 0.38517179023508136]
[0.36823104693140796, 0.24729241877256317, 0.3844765342960289]
[0.3675675675675676, 0.24684684684684685, 0.3855855855855856]
[0.368705035971223, 0.24640287769784172, 0.38489208633093525]
[0.36983842010771995, 0.2459605026929982, 0.38420107719928187]
[0.3709677419354839, 0.24551971326164876, 0.3835125448028674]
[0.37209302325581395, 0.24508050089445438, 0.3828264758497317]
[0.37142857142857144, 0.24642857142857144, 0.3821428571428571]
[0.37254901960784315, 0.24598930481283424, 0.38146167557932265]
[0.3718861209964413, 0.24555160142348753, 0.38256227758007116]
[0.37122557726465366, 0.24511545293072823, 0.3836589698046181]
[0.37056737588652483, 0.24468085106382978, 0.38475177304964536]
[0.36991150442477877, 0.24601769911504426, 0.384070796460177]
[0.36925795053003535, 0.24734982332155478, 0.3833922261484099]
[0.36860670194003525, 0.24691358024691357, 0.3844797178130511]
[0.36971830985915494, 0.24647887323943662, 0.38380281690140844]
[0.37082601054481545, 0.2460456942003515, 0.38312829525483305]
[0.3701754385964912, 0.24561403508771928, 0.38421052631578945]
[0.36952714535901926, 0.2469352014010508, 0.38353765323992994]
[0.3688811188811189, 0.24825174825174826, 0.38286713286713286]
[0.3699825479930192, 0.24781849912739964, 0.38219895287958117]
[0.3693379790940767, 0.24912891986062718, 0.38153310104529614]
[0.36869565217391304, 0.24869565217391304, 0.3826086956521739]
[0.3680555555555556, 0.25, 0.3819444444444444]
[0.36741767764298094, 0.2512998266897747, 0.38128249566724437]
[0.3685121107266436, 0.2508650519031142, 0.3806228373702422]
[0.3696027633851468, 0.2504317789291883, 0.3799654576856649]
[0.3689655172413793, 0.2517241379310345, 0.3793103448275862]
[0.3683304647160069, 0.25301204819277107, 0.37865748709122204]
[0.3694158075601375, 0.25257731958762886, 0.37800687285223367]
[0.3687821612349914, 0.2538593481989708, 0.37735849056603776]
[0.3681506849315068, 0.2551369863013699, 0.3767123287671233]
[0.36752136752136755, 0.2547008547008547, 0.37777777777777777]
[0.36689419795221845, 0.25597269624573377, 0.3771331058020478]
[0.36626916524701875, 0.2572402044293015, 0.37649063032367974]
[0.3656462585034014, 0.2585034013605442, 0.3758503401360544]
[0.366723259762309, 0.25806451612903225, 0.37521222410865873]
[0.36610169491525424, 0.2593220338983051, 0.37457627118644066]
[0.36548223350253806, 0.25888324873096447, 0.3756345177664975]
[0.36486486486486486, 0.25844594594594594, 0.3766891891891892]
[0.3642495784148398, 0.2596964586846543, 0.3760539629005059]
[0.3653198653198653, 0.25925925925925924, 0.37542087542087543]
[0.36470588235294116, 0.2605042016806723, 0.37478991596638656]
[0.3640939597315436, 0.2600671140939597, 0.37583892617449666]
[0.36515912897822445, 0.25963149078726966, 0.37520938023450584]
[0.36454849498327757, 0.2591973244147157, 0.3762541806020067]
[0.3639398998330551, 0.2587646076794658, 0.3772954924874791]
[0.36333333333333334, 0.25833333333333336, 0.37833333333333335]
[0.3627287853577371, 0.2579034941763727, 0.3793677204658902]
[0.36212624584717606, 0.2574750830564784, 0.3803986710963455]
[0.3615257048092869, 0.2570480928689884, 0.3814262023217247]
[0.3609271523178808, 0.25662251655629137, 0.3824503311258278]
[0.3603305785123967, 0.256198347107438, 0.3834710743801653]
[0.3613861386138614, 0.25577557755775576, 0.38283828382838286]
[0.3624382207578254, 0.2553542009884679, 0.38220757825370677]
[0.3618421052631579, 0.25493421052631576, 0.3832236842105263]
[0.361247947454844, 0.2561576354679803, 0.3825944170771757]
[0.36065573770491804, 0.2573770491803279, 0.3819672131147541]
[0.36006546644844517, 0.2569558101472995, 0.3829787234042553]
[0.3611111111111111, 0.2565359477124183, 0.38235294117647056]
[0.3605220228384992, 0.25774877650897227, 0.3817292006525285]
[0.36156351791530944, 0.25732899022801303, 0.3811074918566775]
[0.36097560975609755, 0.25853658536585367, 0.3804878048780488]
[0.362012987012987, 0.25811688311688313, 0.37987012987012986]
[0.36142625607779577, 0.2576985413290113, 0.38087520259319285]
[0.36084142394822005, 0.25728155339805825, 0.3818770226537217]
[0.36187399030694667, 0.2568659127625202, 0.38126009693053314]
[0.36129032258064514, 0.25806451612903225, 0.38064516129032255]
[0.36231884057971014, 0.2576489533011272, 0.38003220611916266]
[0.3633440514469453, 0.2572347266881029, 0.37942122186495175]
[0.36436597110754415, 0.2568218298555377, 0.37881219903691815]
[0.36378205128205127, 0.2564102564102564, 0.3798076923076923]
[0.3632, 0.2576, 0.3792]
[0.36261980830670926, 0.25878594249201275, 0.37859424920127793]
[0.36363636363636365, 0.2583732057416268, 0.37799043062200954]
[0.3646496815286624, 0.25796178343949044, 0.37738853503184716]
[0.3640699523052464, 0.2591414944356121, 0.3767885532591415]
[0.3634920634920635, 0.26031746031746034, 0.3761904761904762]
[0.3629160063391442, 0.25990491283676703, 0.37717908082408874]
[0.3623417721518987, 0.25949367088607594, 0.37816455696202533]
[0.3617693522906793, 0.26066350710900477, 0.37756714060031593]
[0.3627760252365931, 0.26025236593059936, 0.37697160883280756]
[0.36220472440944884, 0.25984251968503935, 0.3779527559055118]
[0.36163522012578614, 0.25943396226415094, 0.3789308176100629]
[0.36106750392464676, 0.25902668759811615, 0.37990580847723704]
[0.3620689655172414, 0.25862068965517243, 0.3793103448275862]
[0.3615023474178404, 0.25821596244131456, 0.38028169014084506]
[0.3609375, 0.259375, 0.3796875]
[0.36037441497659906, 0.2589703588143526, 0.38065522620904835]
[0.3598130841121495, 0.2601246105919003, 0.38006230529595014]
[0.3608087091757387, 0.25972006220839816, 0.37947122861586313]
[0.36024844720496896, 0.2593167701863354, 0.3804347826086957]
[0.35968992248062015, 0.26046511627906976, 0.3798449612403101]
[0.3606811145510836, 0.26006191950464397, 0.37925696594427244]
[0.3601236476043277, 0.26120556414219476, 0.3786707882534776]
[0.3611111111111111, 0.26080246913580246, 0.37808641975308643]
[0.3605546995377504, 0.26040061633281975, 0.3790446841294299]
[0.36, 0.26153846153846155, 0.37846153846153846]
[0.35944700460829493, 0.261136712749616, 0.3794162826420891]
[0.3588957055214724, 0.26226993865030673, 0.37883435582822084]
[0.35987748851454826, 0.26186830015313933, 0.3782542113323124]
[0.35932721712538224, 0.26299694189602446, 0.37767584097859325]
[0.35877862595419846, 0.26259541984732826, 0.3786259541984733]
[0.3597560975609756, 0.2621951219512195, 0.3780487804878049]
[0.3592085235920852, 0.2633181126331811, 0.3774733637747336]
[0.3586626139817629, 0.26443768996960487, 0.3768996960486322]
[0.3596358118361153, 0.26403641881638845, 0.37632776934749623]
[0.35909090909090907, 0.2636363636363636, 0.37727272727272726]
[0.3585476550680787, 0.2632375189107413, 0.37821482602118]
[0.3580060422960725, 0.2628398791540785, 0.37915407854984895]
[0.358974358974359, 0.26244343891402716, 0.37858220211161386]
[0.35993975903614456, 0.2620481927710843, 0.37801204819277107]
[0.3593984962406015, 0.2631578947368421, 0.3774436090225564]
[0.3588588588588589, 0.2627627627627628, 0.3783783783783784]
[0.3598200899550225, 0.2623688155922039, 0.3778110944527736]
[0.36077844311377244, 0.2619760479041916, 0.3772455089820359]
[0.3602391629297459, 0.2615844544095665, 0.3781763826606876]
[0.3597014925373134, 0.2626865671641791, 0.3776119402985075]
[0.3591654247391952, 0.26229508196721313, 0.37853949329359166]
[0.3601190476190476, 0.2619047619047619, 0.37797619047619047]
[0.3610698365527489, 0.26151560178306094, 0.3774145616641902]
[0.36053412462908013, 0.2626112759643917, 0.3768545994065282]
[0.36, 0.26222222222222225, 0.37777777777777777]
[0.3594674556213018, 0.26331360946745563, 0.3772189349112426]
